    camera_matrix:
        rows: 3
        cols: 3
        dt: f
        data: [ 671.2044286826268, 0.000000, 296.54698839845736, 
        	0.000000, 670.7231502476425, 275.7952023499051,
        	0.000000, 0.000000, 1.000000]
    distortion_coefficients:
        rows: 1
        cols: 5
        dt: f
        data: [ -0.43909379668475096, 0.22788499371418716,
        	0.0003926647838557, -0.0006676928852946639,
        	-0.021668492564745845]
    projection_matrix:
        rows: 3
        cols: 4
        dt: f
        data: [ 0.000000, 0.000000, 0.000000, 
            0.000000, 0.000000, 0.000000, 0.000000, 
            0.000000, 0.000000, 0.000000, 0.000000, 
            0.000000]
