    camera_matrix:
        rows: 3
        cols: 3
        dt: f
        data: [ 681.6912340889774, 0.000000, 283.5603967035609,
        	0.000000, 681.4829888953385, 288.33061131953406,
        	0.000000, 0.000000, 1.000000]
    distortion_coefficients:
        rows: 1
        cols: 5
        dt: f
        data: [ -0.4513479064035878, 0.32048922158412646,
        	0.0009863838173009194, -0.0007511238119546045,
        	-0.17641140671964778]
    projection_matrix:
        rows: 3
        cols: 4
        dt: f
        data: [ 0.000000, 0.000000, 0.000000, 
            0.000000, 0.000000, 0.000000, 0.000000, 
            0.000000, 0.000000, 0.000000, 0.000000, 
            0.000000]
